Time limit: 15
Solution: [(3, 5), (8, 15), (7, 15), (13, 14), (12, 19), (9, 16), (3, 12), (5, 8), (9, 13), (6, 11), (1, 5), (0, 1), (4, 5), (8, 19), (0, 9), (7, 13), (3, 17), (3, 16), (4, 15), (6, 16), (2, 11), (4, 19), (6, 12), (1, 19), (12, 14), (4, 10), (3, 10), (4, 6), (14, 19), (1, 4), (1, 8), (5, 19)], Value: inf, Number of iterations: 130
Execution time: 15.1510 seconds
-------------------------------------------------
Time limit: 30
Solution: [(2, 14), (7, 10), (10, 12), (2, 15), (3, 15), (1, 18), (9, 16), (16, 18), (8, 18), (6, 16), (2, 5), (5, 19), (7, 13), (7, 12), (8, 15), (10, 11), (3, 12), (4, 15), (5, 10), (7, 18), (9, 13), (1, 19), (12, 19), (13, 14), (4, 19), (7, 16), (12, 16), (5, 17), (4, 13), (6, 14), (9, 10), (1, 8), (0, 6), (6, 12), (3, 16), (4, 8), (0, 7), (0, 9), (3, 5), (6, 19), (10, 19), (4, 6), (1, 5), (8, 11), (1, 9), (1, 16), (2, 19), (3, 6), (0, 1)], Value: inf, Number of iterations: 245
Execution time: 30.0124 seconds
-------------------------------------------------
Time limit: 45
Solution: [(12, 19), (2, 15), (6, 11), (2, 5), (12, 15), (3, 16), (10, 19), (1, 9), (17, 19), (7, 13), (4, 19), (0, 10), (10, 12), (3, 17), (9, 18), (3, 12), (4, 13), (14, 19), (10, 11), (3, 7), (6, 9), (1, 5), (1, 18), (13, 14), (16, 17), (7, 18), (2, 19), (8, 14), (5, 8), (2, 11), (4, 8), (1, 17), (4, 6), (7, 12), (8, 19), (6, 14), (3, 15), (0, 2), (1, 8), (0, 9), (7, 10), (1, 7), (0, 19), (13, 17), (7, 16), (3, 5), (8, 15)], Value: inf, Number of iterations: 370
Execution time: 45.5129 seconds
-------------------------------------------------

Best Overall Value: inf
Achieved with Time Limit: None
Best Solution: None
Execution Time for Best Value: None seconds
